9200084456650220000
9200084456651110000
9200084456651120000
9200084456651130000
9200084456651210000
9200084456651220000
9200084456651220100
9200084456651220200
9200084456651220300
9200084456651221000
9200084456651222000
9200084456651230000
9200084456651310000
9200084456651320000
9200084456651330000
9200084456652220000
9200337175650220000
9200337175651110000
9200337175651120000
9200337175651130000
9200337175651210000
9200337175651220000
9200337175651220001
9200337175651220100
9200337175651220200
9200337175651220300
9200337175651221000
9200337175651222000
9200337175651230000
9200337175651310000
9200337175651320000
9200337175651330000
9200337175652220000
9201419762470220000
9201419762471110000
9201419762471120000
9201419762471130000
9201419762471210000
9201419762471220000
9201419762471220001
9201419762471220100
9201419762471220200
9201419762471221000
9201419762471222000
9201419762471230000
9201419762471310000
9201419762471320000
9201419762471330000
9201419762472220000
9202018609260220000
9202018609261220000
9202018609261220300
9202018609262220000
9202295813360220000
9202295813361220000
9202295813362220000
9206311612220220000
9206311612221220000
9206311612221220001
9206311612221220010
9206311612222220000
9206838374510220000
9206838374511220000
9206838374512220000
9207124068090220000
9207124068091220000
9207124068092220000
9218604393620220000
9218604393621220000
9218604393621220010
9218604393622220000
9219892588830220000
9219892588831220000
9219892588832220000
9300084456650220000
9300084456651220000
9300084456652220000
9300337175650220000
9300337175651220000
9300337175652220000
9301419762470220000
9301419762471220000
9301419762472220000
9302018609260220000
9302018609261220000
9302018609262220000
9302295813360220000
9302295813361220000
9302295813362220000
9306311612220220000
9306311612221220000
9306311612222220000
9306838374510220000
9306838374511220000
9306838374512220000
9307124068090220000
9307124068091220000
9307124068092220000
9318604393620220000
9318604393621220000
9318604393622220000
9319892588830220000
9319892588831220000
9319892588832220000
9400000000000000000
9400000000000000034
9400000000000000069
9400000000000000103
9400000000000000138
9400000000000000172
9400000000000000207
9400000000000000241
9400000000000000276
9400000000000000310
9400000000000000344
9400000000000000379
9400000000000000413
9400000000000000448
9400000000000000482
9400000000000000517
9400000000000000551
9400000000000000586
9400000000000000620
9400000000000000655
9400000000000000689
9400000000000000723
9400000000000000758
9400000000000000792
9400000000000000827
9400000000000000861
9400000000000000896
9400000000000000930
9400000000000000965
9400000000000000999
9500000000000000042
9500000000000000084
9500000000000000089
9500000000000000098
9500000000000000108
9500000000000000128
9500000000000000141
9500000000000000170
9500000000000000257
9500000000000000286
