9000000000001164418
9000000000003128830
9000000000003748474
9000000000004172808
9000000000004679562
9000000000005023552
9000000000005308288
9000000000005648562
9000000000006020410
9000000000006271512
9000000000006522640
9000000000006784170
9000000000007091594
9000000000007434540
9000000000007748506
9000000000007977956
9000000000008190872
9000000000008330778
9000000000008580178
9000000000008940030
9000000000009171954
9000000000009512022
9000000000009715734
9000000000009945390
9000000000010221760
9000000000010546682
9000000000010847180
9000000000011086240
9000000000011457608
9000000000011871236
