9000000000000892667
9000000000001164418
9000000000001430305
9000000000001430741
9000000000001431091
9000000000001433714
9000000000001434800
9000000000001570023
9000000000001573149
9000000000001573174
9000000000001575919
9000000000001575977
9000000000001577077
9000000000001724316
9000000000001864178
9000000000001864603
9000000000001873030
9000000000001873157
9000000000002141938
9000000000002155343
9000000000002156425
9000000000002159852
9000000000002163636
9000000000002164726
9000000000002165892
9000000000002167334
9000000000002167444
9000000000002168420
9000000000002300603
9000000000002301163
9000000000002308806
9000000000002310586
9000000000002438249
9000000000002438566
9000000000002442154
9000000000002449383
9000000000002452185
9000000000002452450
9000000000002554543
9000000000002555530
9000000000002556166
9000000000002570469
9000000000002570760
9000000000002572232
9000000000002572386
9000000000002575952
9000000000002578404
9000000000002578891
9000000000002579147
9000000000002581243
9000000000002581626
9000000000002581905
9000000000002581964
9000000000002582367
9000000000002582800
9000000000002583667
9000000000002583669
9000000000002696217
9000000000002706947
9000000000002708203
9000000000002709111
9000000000002709528
9000000000002711067
9000000000002714170
9000000000002718630
9000000000002851278
9000000000002854953
9000000000002855026
9000000000002855603
9000000000002855680
9000000000002856626
9000000000002857323
9000000000002859173
9000000000002860793
9000000000002860943
9000000000002861753
9000000000002974815
9000000000002975214
9000000000002982949
9000000000002988145
9000000000002988783
9000000000002989122
9000000000002992364
9000000000002992648
9000000000002993589
9000000000002994888
9000000000002995931
9000000000003003327
9000000000003110496
9000000000003113440
9000000000003115969
9000000000003117511
9000000000003118952
9000000000003120162
9000000000003122248
9000000000003123830
9000000000003128325
9000000000003128673
9000000000003128830
9000000000003221077
9000000000003223460
9000000000003231990
9000000000003232218
9000000000003232582
9000000000003234781
9000000000003235821
9000000000003236044
9000000000003236536
9000000000003238073
9000000000003238245
9000000000003239487
9000000000003239508
9000000000003240693
9000000000003241388
9000000000003245830
9000000000003246991
9000000000003247039
9000000000003248236
9000000000003248536
9000000000003248951
9000000000003327055
9000000000003339175
9000000000003340360
9000000000003340470
9000000000003340670
9000000000003341457
9000000000003343037
9000000000003343915
9000000000003345665
9000000000003345852
9000000000003346189
9000000000003346818
9000000000003347174
9000000000003347798
9000000000003348090
9000000000003355029
9000000000003356825
9000000000003432989
9000000000003440581
9000000000003440710
9000000000003443408
9000000000003444098
9000000000003444426
9000000000003445468
9000000000003445497
9000000000003445863
9000000000003446996
9000000000003447919
9000000000003448817
9000000000003449705
9000000000003455706
9000000000003456100
9000000000003456605
9000000000003456790
9000000000003456968
9000000000003457689
9000000000003459380
9000000000003459775
9000000000003529242
9000000000003534170
9000000000003534192
9000000000003539521
9000000000003539869
9000000000003540935
9000000000003544956
9000000000003547930
9000000000003549573
9000000000003549831
9000000000003559541
9000000000003559933
9000000000003560366
9000000000003561257
9000000000003645863
9000000000003647114
9000000000003647234
9000000000003648131
9000000000003648418
9000000000003655015
9000000000003655115
9000000000003656648
9000000000003658426
9000000000003659087
9000000000003659751
9000000000003660476
9000000000003660523
9000000000003661489
9000000000003662358
9000000000003730390
9000000000003732609
9000000000003734682
9000000000003746949
9000000000003748250
9000000000003748314
9000000000003748474
9000000000003748532
9000000000003749234
9000000000003749833
9000000000003755217
9000000000003755395
9000000000003757814
9000000000003757876
9000000000003759078
9000000000003762165
9000000000003762528
9000000000003762741
9000000000003763579
9000000000003833853
9000000000003839143
9000000000003848351
9000000000003849544
9000000000003851286
9000000000003852644
9000000000003854231
9000000000003854825
9000000000003855114
9000000000003858926
9000000000003859610
9000000000003865358
9000000000003865579
9000000000003866374
9000000000003866714
9000000000003867133
9000000000003868588
9000000000003868832
9000000000003869794
9000000000003869880
9000000000003936965
9000000000003938990
9000000000003941524
9000000000003953144
9000000000003954136
9000000000003958230
9000000000003958424
9000000000003958491
9000000000003964039
9000000000003964082
9000000000003964176
9000000000003964570
9000000000003965728
9000000000003966434
9000000000003966800
9000000000003966950
9000000000003971446
9000000000003971805
9000000000003972358
9000000000003973260
9000000000003973432
9000000000004042063
9000000000004043227
9000000000004054968
9000000000004056111
9000000000004058770
9000000000004058862
9000000000004060352
9000000000004066898
9000000000004070713
9000000000004070833
9000000000004071157
9000000000004071949
9000000000004072890
9000000000004073646
9000000000004075975
9000000000004077275
9000000000004079369
9000000000004079482
9000000000004135516
9000000000004137903
9000000000004155654
9000000000004156309
9000000000004159702
9000000000004165505
9000000000004166305
9000000000004168579
9000000000004170639
9000000000004172808
9000000000004173618
9000000000004175669
9000000000004176455
9000000000004178654
9000000000004180375
9000000000004242640
9000000000004243461
9000000000004253413
9000000000004254811
9000000000004261149
9000000000004262931
9000000000004263932
9000000000004269031
9000000000004269682
9000000000004270312
9000000000004270733
9000000000004274480
9000000000004277377
9000000000004278922
9000000000004280657
9000000000004282737
9000000000004285040
9000000000004355661
9000000000004364237
9000000000004365860
9000000000004366310
9000000000004370829
9000000000004371336
9000000000004372107
9000000000004372282
9000000000004374610
9000000000004375393
9000000000004377815
9000000000004379925
9000000000004380834
9000000000004381016
9000000000004382014
9000000000004383052
9000000000004386722
9000000000004390637
9000000000004446871
9000000000004456107
9000000000004458117
9000000000004466180
9000000000004470415
9000000000004470499
9000000000004470707
9000000000004471058
9000000000004472103
9000000000004472809
9000000000004473083
9000000000004473660
9000000000004476011
9000000000004476186
9000000000004476419
9000000000004481457
9000000000004481700
9000000000004482014
9000000000004483235
9000000000004483691
9000000000004484271
9000000000004485025
9000000000004562615
9000000000004566780
9000000000004567873
9000000000004568087
9000000000004568117
9000000000004569596
9000000000004569616
9000000000004570545
9000000000004575908
9000000000004580484
9000000000004585626
9000000000004585982
9000000000004588073
9000000000004641419
9000000000004647802
9000000000004647949
9000000000004648115
9000000000004648556
9000000000004649339
9000000000004649462
9000000000004650386
9000000000004650733
9000000000004651173
9000000000004658336
9000000000004658442
9000000000004658724
9000000000004659183
9000000000004661660
9000000000004661844
9000000000004661957
9000000000004661980
9000000000004664396
9000000000004665271
9000000000004668475
9000000000004668676
9000000000004669145
9000000000004670884
9000000000004672176
9000000000004673539
9000000000004677282
9000000000004679562
9000000000004679769
9000000000004680002
9000000000004680338
9000000000004680543
9000000000004731956
9000000000004737731
9000000000004738015
9000000000004742092
9000000000004742632
9000000000004750560
9000000000004751387
9000000000004751410
9000000000004751716
9000000000004752271
9000000000004752361
9000000000004752731
9000000000004754852
9000000000004754938
9000000000004756040
9000000000004756164
9000000000004757338
9000000000004758622
9000000000004759130
9000000000004761183
9000000000004764008
9000000000004768611
9000000000004768919
9000000000004769505
9000000000004772508
9000000000004772989
9000000000004774208
9000000000004774278
9000000000004820642
9000000000004824197
9000000000004827552
9000000000004830306
9000000000004830647
9000000000004832210
9000000000004833050
9000000000004841314
9000000000004841423
9000000000004843037
9000000000004851881
9000000000004852661
9000000000004860458
9000000000004860614
9000000000004863260
9000000000004863836
9000000000004902475
9000000000004903473
9000000000004907679
9000000000004915339
9000000000004919344
9000000000004919980
9000000000004920875
9000000000004927495
9000000000004927985
9000000000004928277
9000000000004930550
9000000000004930873
9000000000004931272
9000000000004931864
9000000000004932417
9000000000004936105
9000000000004937872
9000000000004938796
9000000000004940093
9000000000004940217
9000000000004945152
9000000000004945346
9000000000004947130
9000000000004949350
9000000000004950793
9000000000004951030
9000000000004951447
9000000000004952341
9000000000004995588
9000000000004999763
9000000000004999789
9000000000005004690
9000000000005007173
9000000000005007809
9000000000005009905
9000000000005016707
9000000000005018191
9000000000005019101
9000000000005019234
9000000000005019263
9000000000005019348
9000000000005019857
9000000000005020065
9000000000005021129
9000000000005021561
9000000000005022630
9000000000005023338
9000000000005023483
9000000000005023552
9000000000005023572
9000000000005023712
9000000000005023754
9000000000005023863
9000000000005023899
9000000000005023959
9000000000005023963
9000000000005024084
9000000000005027750
9000000000005036662
9000000000005036761
9000000000005037710
9000000000005040942
9000000000005041474
9000000000005088315
9000000000005089352
9000000000005089535
9000000000005093519
9000000000005096867
9000000000005104321
9000000000005104492
9000000000005106012
9000000000005107801
9000000000005108514
9000000000005110038
9000000000005111938
9000000000005111982
9000000000005112446
9000000000005112468
9000000000005112836
9000000000005121607
9000000000005168634
9000000000005175633
9000000000005176344
9000000000005176912
9000000000005177020
9000000000005179606
9000000000005183327
9000000000005184272
9000000000005185321
9000000000005186016
9000000000005192090
9000000000005193920
9000000000005194223
9000000000005200689
9000000000005206767
9000000000005207238
9000000000005207966
9000000000005212290
9000000000005212696
9000000000005214241
9000000000005215054
9000000000005217791
9000000000005220979
9000000000005252306
9000000000005255463
9000000000005257286
9000000000005263507
9000000000005265726
9000000000005265752
9000000000005267721
9000000000005271224
9000000000005271575
9000000000005271803
9000000000005272590
9000000000005273819
9000000000005273991
9000000000005280983
9000000000005281931
9000000000005284701
9000000000005286036
9000000000005286045
9000000000005286347
9000000000005286485
9000000000005287182
9000000000005288186
9000000000005288226
9000000000005288937
9000000000005295005
9000000000005295234
9000000000005296455
9000000000005298232
9000000000005299273
9000000000005299904
9000000000005300451
9000000000005300719
9000000000005301091
9000000000005302556
9000000000005302643
9000000000005303197
9000000000005304427
9000000000005305709
9000000000005306089
9000000000005306631
9000000000005306779
9000000000005308067
9000000000005308288
9000000000005309547
9000000000005310172
9000000000005310857
9000000000005344954
9000000000005350459
9000000000005353189
9000000000005357987
9000000000005358323
9000000000005359390
9000000000005368801
9000000000005370776
9000000000005372077
9000000000005372348
9000000000005373357
9000000000005373377
9000000000005376614
9000000000005384653
9000000000005389640
9000000000005390069
9000000000005390357
9000000000005390694
9000000000005391338
9000000000005392623
9000000000005393984
9000000000005394679
9000000000005397516
9000000000005430471
9000000000005431598
9000000000005435620
9000000000005437040
9000000000005443410
9000000000005443942
9000000000005449347
9000000000005449427
9000000000005449646
9000000000005451209
9000000000005455434
9000000000005456131
9000000000005456417
9000000000005458953
9000000000005459805
9000000000005459846
9000000000005460668
9000000000005462692
9000000000005470013
9000000000005475186
9000000000005475187
9000000000005475731
9000000000005476145
9000000000005476273
9000000000005476473
9000000000005481482
9000000000005482510
9000000000005511363
9000000000005526004
9000000000005528773
9000000000005529323
9000000000005534187
9000000000005534340
9000000000005536476
9000000000005541836
9000000000005542211
9000000000005543745
9000000000005544213
9000000000005546767
9000000000005546978
9000000000005551220
9000000000005551240
9000000000005552761
9000000000005552812
9000000000005554685
9000000000005560731
9000000000005561007
9000000000005565100
9000000000005566636
9000000000005567499
9000000000005599732
9000000000005600745
9000000000005601718
9000000000005601944
9000000000005607779
9000000000005607987
9000000000005608294
9000000000005609486
9000000000005609745
9000000000005614247
9000000000005617102
9000000000005617535
9000000000005618126
9000000000005621003
9000000000005621299
9000000000005629390
9000000000005629449
9000000000005630056
9000000000005630359
9000000000005631648
9000000000005633212
9000000000005637890
9000000000005642753
9000000000005645258
9000000000005648562
9000000000005649964
9000000000005650964
9000000000005651153
9000000000005651327
9000000000005693587
9000000000005696889
9000000000005703294
9000000000005703362
9000000000005705575
9000000000005705995
9000000000005706961
9000000000005707205
9000000000005707999
9000000000005716288
9000000000005716472
9000000000005717449
9000000000005721610
9000000000005722200
9000000000005722501
9000000000005722737
9000000000005722895
9000000000005723454
9000000000005723859
9000000000005724523
9000000000005725312
9000000000005725443
9000000000005727773
9000000000005728217
9000000000005728843
9000000000005728857
9000000000005730867
9000000000005734003
9000000000005735248
9000000000005736270
9000000000005737104
9000000000005737795
9000000000005739204
9000000000005769810
9000000000005771101
9000000000005780412
9000000000005781387
9000000000005781841
9000000000005781874
9000000000005787406
9000000000005788165
9000000000005791884
9000000000005806877
9000000000005807588
9000000000005807760
9000000000005808231
9000000000005809587
9000000000005809654
9000000000005809732
9000000000005812648
9000000000005816288
9000000000005817274
9000000000005819178
9000000000005823587
9000000000005857290
9000000000005857501
9000000000005865485
9000000000005868626
9000000000005869159
9000000000005879641
9000000000005880352
9000000000005880445
9000000000005881189
9000000000005882306
9000000000005891196
9000000000005891975
9000000000005893541
9000000000005894754
9000000000005895238
9000000000005900260
9000000000005904699
9000000000005904928
9000000000005949982
9000000000005950759
9000000000005952417
9000000000005957075
9000000000005957093
9000000000005960912
9000000000005960954
9000000000005963255
9000000000005963660
9000000000005964745
9000000000005965533
9000000000005966212
9000000000005966660
9000000000005976681
9000000000005977646
9000000000005977984
9000000000005978805
9000000000005980555
9000000000005980866
9000000000005982378
9000000000005985441
9000000000005989921
9000000000005990706
9000000000006020410
9000000000006022110
9000000000006025450
9000000000006025883
9000000000006037465
9000000000006037851
9000000000006038135
9000000000006041680
9000000000006043088
9000000000006044459
9000000000006045357
9000000000006046900
9000000000006048208
9000000000006048250
9000000000006048255
9000000000006048801
9000000000006050146
9000000000006057504
9000000000006058006
9000000000006058758
9000000000006061584
9000000000006063724
9000000000006065351
9000000000006065823
9000000000006105241
9000000000006107117
9000000000006107196
9000000000006114196
9000000000006115335
9000000000006116172
9000000000006120015
9000000000006124327
9000000000006124836
9000000000006125835
9000000000006127239
9000000000006127806
9000000000006127942
9000000000006128326
9000000000006128330
9000000000006128622
9000000000006129694
9000000000006130071
9000000000006130247
9000000000006130261
9000000000006130500
9000000000006131451
9000000000006137779
9000000000006139591
9000000000006139796
9000000000006139982
9000000000006141503
9000000000006145884
9000000000006149358
9000000000006153673
9000000000006154326
9000000000006181674
9000000000006185004
9000000000006188405
9000000000006190873
9000000000006192580
9000000000006198172
9000000000006198256
9000000000006199518
9000000000006199559
9000000000006199593
9000000000006205514
9000000000006207183
9000000000006207265
9000000000006207355
9000000000006208403
9000000000006209225
9000000000006210148
9000000000006210480
9000000000006211901
9000000000006213736
9000000000006213806
9000000000006214454
9000000000006220010
9000000000006222079
9000000000006222818
9000000000006223081
9000000000006224312
9000000000006226293
9000000000006227573
9000000000006230529
9000000000006230552
9000000000006230921
9000000000006231538
9000000000006264667
9000000000006271442
9000000000006271512
9000000000006277788
9000000000006280416
9000000000006280651
9000000000006283792
9000000000006284778
9000000000006286606
9000000000006289567
9000000000006289782
9000000000006289991
9000000000006290648
9000000000006290877
9000000000006291473
9000000000006292374
9000000000006293287
9000000000006293407
9000000000006293941
9000000000006294244
9000000000006294343
9000000000006294556
9000000000006300837
9000000000006301965
9000000000006303119
9000000000006305211
9000000000006306941
9000000000006307405
9000000000006307569
9000000000006308793
9000000000006310627
9000000000006311076
9000000000006312787
9000000000006313843
9000000000006313849
9000000000006314475
9000000000006344785
9000000000006356251
9000000000006357774
9000000000006357795
9000000000006357802
9000000000006358109
9000000000006358667
9000000000006359228
9000000000006362279
9000000000006363126
9000000000006363818
9000000000006364294
9000000000006364385
9000000000006366627
9000000000006366940
9000000000006369265
9000000000006371677
9000000000006372541
9000000000006373973
9000000000006384854
9000000000006385065
9000000000006387257
9000000000006388443
9000000000006389098
9000000000006392244
9000000000006392875
9000000000006421651
9000000000006423173
9000000000006424108
9000000000006426152
9000000000006435994
9000000000006436882
9000000000006437992
9000000000006441429
9000000000006441436
9000000000006443180
9000000000006443347
9000000000006443468
9000000000006444857
9000000000006445052
9000000000006445601
9000000000006448173
9000000000006448267
9000000000006449640
9000000000006450799
9000000000006450804
9000000000006451125
9000000000006452607
9000000000006455318
9000000000006460258
9000000000006462423
9000000000006467349
9000000000006467663
9000000000006468930
9000000000006470068
9000000000006470922
9000000000006496934
9000000000006509298
9000000000006510468
9000000000006510676
9000000000006510963
9000000000006511030
9000000000006515494
9000000000006516390
9000000000006517172
9000000000006520395
9000000000006520969
9000000000006522144
9000000000006522546
9000000000006522640
9000000000006522735
9000000000006523173
9000000000006523265
9000000000006524036
9000000000006525382
9000000000006525422
9000000000006526074
9000000000006527470
9000000000006528292
9000000000006529902
9000000000006531801
9000000000006532022
9000000000006541245
9000000000006547396
9000000000006548685
9000000000006549138
9000000000006580506
9000000000006586020
9000000000006586144
9000000000006586333
9000000000006586988
9000000000006591477
9000000000006591704
9000000000006593353
9000000000006593906
9000000000006595315
9000000000006595406
9000000000006599573
9000000000006603775
9000000000006603811
9000000000006604303
9000000000006605293
9000000000006605754
9000000000006605809
9000000000006605826
9000000000006607382
9000000000006607505
9000000000006608262
9000000000006609698
9000000000006611172
9000000000006615364
9000000000006619485
9000000000006621643
9000000000006627367
9000000000006631038
9000000000006631188
9000000000006634254
9000000000006635493
9000000000006669715
9000000000006670373
9000000000006670894
9000000000006676437
9000000000006679174
9000000000006680635
9000000000006688997
9000000000006690728
9000000000006690879
9000000000006691019
9000000000006691324
9000000000006691605
9000000000006691867
9000000000006692274
9000000000006693081
9000000000006697518
9000000000006698448
9000000000006698937
9000000000006699213
9000000000006699346
9000000000006705288
9000000000006707493
9000000000006716021
9000000000006718549
9000000000006719052
9000000000006719266
9000000000006720188
9000000000006720889
9000000000006721089
9000000000006721310
9000000000006757160
9000000000006762821
9000000000006764033
9000000000006764620
9000000000006765218
9000000000006765410
9000000000006768125
9000000000006778005
9000000000006778113
9000000000006778212
9000000000006778479
9000000000006780532
9000000000006780715
9000000000006780873
9000000000006782340
9000000000006783365
9000000000006783593
9000000000006784170
9000000000006785434
9000000000006786210
9000000000006787028
9000000000006792908
9000000000006801951
9000000000006804340
9000000000006806724
9000000000006837566
9000000000006846531
9000000000006849323
9000000000006849677
9000000000006851346
9000000000006851860
9000000000006853138
9000000000006859403
9000000000006859619
9000000000006860836
9000000000006862840
9000000000006863365
9000000000006864276
9000000000006864608
9000000000006865612
9000000000006866379
9000000000006867373
9000000000006869925
9000000000006870438
9000000000006870808
9000000000006871246
9000000000006871727
9000000000006871789
9000000000006871866
9000000000006877258
9000000000006879787
9000000000006891998
9000000000006922004
9000000000006922830
9000000000006922922
9000000000006936178
9000000000006948271
9000000000006950240
9000000000006951231
9000000000006951698
9000000000006951767
9000000000006951827
9000000000006952966
9000000000006956178
9000000000006956853
9000000000006960727
9000000000006961002
9000000000006963426
9000000000006963490
9000000000006964677
9000000000006964804
9000000000006965624
9000000000006974847
9000000000006976103
9000000000006976880
9000000000007011334
9000000000007017033
9000000000007017881
9000000000007018291
9000000000007019596
9000000000007020707
9000000000007021857
9000000000007021890
9000000000007022658
9000000000007024622
9000000000007031107
9000000000007033113
9000000000007035099
9000000000007035179
9000000000007035573
9000000000007039380
9000000000007045042
9000000000007045854
9000000000007047356
9000000000007048561
9000000000007050100
9000000000007050378
9000000000007051690
9000000000007059699
9000000000007091594
9000000000007094821
9000000000007098418
9000000000007101193
9000000000007101676
9000000000007104156
9000000000007104567
9000000000007105039
9000000000007106877
9000000000007107531
9000000000007107720
9000000000007108021
9000000000007109566
9000000000007109769
9000000000007110222
9000000000007110613
9000000000007115869
9000000000007117094
9000000000007117168
9000000000007119894
9000000000007122598
9000000000007124161
9000000000007124680
9000000000007131497
9000000000007134244
9000000000007138841
9000000000007174372
9000000000007181041
9000000000007183316
9000000000007185376
9000000000007186025
9000000000007186263
9000000000007187052
9000000000007189619
9000000000007190277
9000000000007190468
9000000000007190849
9000000000007191541
9000000000007192229
9000000000007198734
9000000000007199928
9000000000007200001
9000000000007201869
9000000000007202291
9000000000007203099
9000000000007204603
9000000000007204688
9000000000007204794
9000000000007205868
9000000000007206907
9000000000007207081
9000000000007208076
9000000000007211262
9000000000007214475
9000000000007219251
9000000000007219502
9000000000007266373
9000000000007267028
9000000000007267737
9000000000007273576
9000000000007282228
9000000000007282423
9000000000007287786
9000000000007288297
9000000000007289485
9000000000007292935
9000000000007295611
9000000000007296882
9000000000007297189
9000000000007299911
9000000000007300184
9000000000007301435
9000000000007301640
9000000000007302192
9000000000007303017
9000000000007303182
9000000000007336185
9000000000007337049
9000000000007337320
9000000000007347529
9000000000007348790
9000000000007349171
9000000000007350041
9000000000007354531
9000000000007362826
9000000000007363146
9000000000007363945
9000000000007364845
9000000000007366513
9000000000007367559
9000000000007368165
9000000000007368401
9000000000007369010
9000000000007369254
9000000000007372766
9000000000007376229
9000000000007381616
9000000000007382099
9000000000007385086
9000000000007418489
9000000000007422028
9000000000007423169
9000000000007427475
9000000000007428374
9000000000007432408
9000000000007432616
9000000000007434171
9000000000007434540
9000000000007434974
9000000000007447890
9000000000007448230
9000000000007451573
9000000000007454817
9000000000007454999
9000000000007455624
9000000000007455752
9000000000007457355
9000000000007460478
9000000000007461436
9000000000007463186
9000000000007463623
9000000000007466729
9000000000007467076
9000000000007467185
9000000000007468196
9000000000007499407
9000000000007503852
9000000000007504986
9000000000007511980
9000000000007513175
9000000000007514484
9000000000007515151
9000000000007515825
9000000000007517640
9000000000007529379
9000000000007529779
9000000000007530292
9000000000007530488
9000000000007530869
9000000000007531200
9000000000007532067
9000000000007532655
9000000000007532757
9000000000007532772
9000000000007538543
9000000000007541441
9000000000007542493
9000000000007547573
9000000000007548583
9000000000007587086
9000000000007592231
9000000000007594431
9000000000007595579
9000000000007601669
9000000000007601857
9000000000007602830
9000000000007609508
9000000000007609547
9000000000007610116
9000000000007612505
9000000000007613252
9000000000007613422
9000000000007613432
9000000000007616919
9000000000007618347
9000000000007619120
9000000000007620212
9000000000007620695
9000000000007621759
9000000000007621793
9000000000007628505
9000000000007658796
9000000000007659703
9000000000007660053
9000000000007660284
9000000000007661935
9000000000007667407
9000000000007668077
9000000000007669231
9000000000007671028
9000000000007671654
9000000000007672492
9000000000007673401
9000000000007677758
9000000000007679484
9000000000007679706
9000000000007685306
9000000000007686901
9000000000007687374
9000000000007687468
9000000000007691244
9000000000007697355
9000000000007699276
9000000000007699478
9000000000007699528
9000000000007701322
9000000000007728930
9000000000007729800
9000000000007730463
9000000000007732414
9000000000007739881
9000000000007740149
9000000000007741001
9000000000007742133
9000000000007742409
9000000000007747323
9000000000007748506
9000000000007749606
9000000000007750108
9000000000007750215
9000000000007750216
9000000000007751325
9000000000007756660
9000000000007758250
9000000000007762396
9000000000007762498
9000000000007764226
9000000000007765219
9000000000007765585
9000000000007768197
9000000000007768390
9000000000007768554
9000000000007769255
9000000000007770608
9000000000007777528
9000000000007778667
9000000000007778826
9000000000007779986
9000000000007803053
9000000000007808780
9000000000007809263
9000000000007809285
9000000000007812616
9000000000007812892
9000000000007818959
9000000000007819024
9000000000007819825
9000000000007820945
9000000000007821038
9000000000007827121
9000000000007829917
9000000000007832829
9000000000007834441
9000000000007836104
9000000000007838214
9000000000007838383
9000000000007840642
9000000000007840896
9000000000007841434
9000000000007842290
9000000000007870228
9000000000007870923
9000000000007870924
9000000000007878756
9000000000007879652
9000000000007881851
9000000000007884564
9000000000007887356
9000000000007887400
9000000000007888667
9000000000007899309
9000000000007899980
9000000000007901718
9000000000007903015
9000000000007904642
9000000000007907387
9000000000007908011
9000000000007909392
9000000000007911106
9000000000007915386
9000000000007916156
9000000000007917485
9000000000007918737
9000000000007937494
9000000000007940029
9000000000007941249
9000000000007947440
9000000000007948075
9000000000007948418
9000000000007948710
9000000000007948976
9000000000007956461
9000000000007968267
9000000000007969805
9000000000007973052
9000000000007976554
9000000000007977198
9000000000007977956
9000000000007978226
9000000000007984628
9000000000007987171
9000000000007989079
9000000000008004558
9000000000008004971
9000000000008007650
9000000000008008884
9000000000008013549
9000000000008016157
9000000000008016288
9000000000008016375
9000000000008017775
9000000000008018404
9000000000008022031
9000000000008022864
9000000000008023217
9000000000008023323
9000000000008024429
9000000000008025538
9000000000008027545
9000000000008035262
9000000000008036406
9000000000008038679
9000000000008040549
9000000000008041675
9000000000008043202
9000000000008044075
9000000000008046010
9000000000008051642
9000000000008052082
9000000000008053478
9000000000008058127
9000000000008059884
9000000000008076074
9000000000008080973
9000000000008082126
9000000000008082140
9000000000008085273
9000000000008085699
9000000000008085770
9000000000008086885
9000000000008088090
9000000000008090059
9000000000008090158
9000000000008091449
9000000000008094120
9000000000008094377
9000000000008098120
9000000000008099421
9000000000008104065
9000000000008105657
9000000000008106097
9000000000008107159
9000000000008108613
9000000000008108707
9000000000008109692
9000000000008110260
9000000000008110463
9000000000008111473
9000000000008114921
9000000000008120184
9000000000008121586
9000000000008122433
9000000000008123170
9000000000008123377
9000000000008123645
9000000000008125219
9000000000008125229
9000000000008127448
9000000000008128675
9000000000008128718
9000000000008128726
9000000000008129042
9000000000008129065
9000000000008129588
9000000000008142467
9000000000008144212
9000000000008150307
9000000000008155006
9000000000008156344
9000000000008158116
9000000000008158974
9000000000008161226
9000000000008165824
9000000000008168155
9000000000008172974
9000000000008173002
9000000000008174193
9000000000008174267
9000000000008179140
9000000000008180062
9000000000008187917
9000000000008189504
9000000000008190872
9000000000008196006
9000000000008196381
9000000000008197019
9000000000008197220
9000000000008197270
9000000000008197351
9000000000008197355
9000000000008197607
9000000000008198031
9000000000008214278
9000000000008214282
9000000000008216930
9000000000008217141
9000000000008217144
9000000000008226461
9000000000008227801
9000000000008228729
9000000000008232543
9000000000008235853
9000000000008235965
9000000000008236185
9000000000008240902
9000000000008243371
9000000000008243559
9000000000008244758
9000000000008245118
9000000000008247116
9000000000008248036
9000000000008248296
9000000000008249829
9000000000008250483
9000000000008250687
9000000000008256621
9000000000008256643
9000000000008257115
9000000000008259061
9000000000008261157
9000000000008263876
9000000000008263970
9000000000008264075
9000000000008264155
9000000000008264274
9000000000008264546
9000000000008264563
9000000000008264617
9000000000008264798
9000000000008264801
9000000000008264824
9000000000008265014
9000000000008265126
9000000000008265194
9000000000008265244
9000000000008265481
9000000000008265508
9000000000008265785
9000000000008282338
9000000000008284088
9000000000008284991
9000000000008285320
9000000000008285394
9000000000008288203
9000000000008289358
9000000000008291886
9000000000008294536
9000000000008297893
9000000000008299332
9000000000008301034
9000000000008307700
9000000000008308209
9000000000008308688
9000000000008311110
9000000000008313084
9000000000008313281
9000000000008314246
9000000000008314392
9000000000008314525
9000000000008315263
9000000000008316616
9000000000008322016
9000000000008322243
9000000000008323931
9000000000008323981
9000000000008329014
9000000000008329267
9000000000008329902
9000000000008330102
9000000000008330222
9000000000008330312
9000000000008330712
9000000000008330778
9000000000008330793
9000000000008330895
9000000000008330910
9000000000008331734
9000000000008332193
9000000000008332426
9000000000008344551
9000000000008344591
9000000000008345453
9000000000008346347
9000000000008346686
9000000000008350577
9000000000008351067
9000000000008355275
9000000000008357961
9000000000008358222
9000000000008360698
9000000000008361174
9000000000008363318
9000000000008363948
9000000000008364516
9000000000008367217
9000000000008373936
9000000000008374235
9000000000008375620
9000000000008375772
9000000000008376471
9000000000008379283
9000000000008381241
9000000000008389795
9000000000008390631
9000000000008390921
9000000000008391086
9000000000008393922
9000000000008393999
9000000000008395203
9000000000008396062
9000000000008396791
9000000000008396901
9000000000008398162
9000000000008409533
9000000000008414071
9000000000008415383
9000000000008420644
9000000000008420939
9000000000008423051
9000000000008423283
9000000000008423352
9000000000008424843
9000000000008425557
9000000000008426765
9000000000008429634
9000000000008431006
9000000000008431974
9000000000008432929
9000000000008439358
9000000000008441321
9000000000008442437
9000000000008444868
9000000000008445910
9000000000008450682
9000000000008451777
9000000000008452639
9000000000008457452
9000000000008458601
9000000000008460681
9000000000008460683
9000000000008460790
9000000000008461125
9000000000008461962
9000000000008474295
9000000000008474682
9000000000008475898
9000000000008494413
9000000000008494533
9000000000008500899
9000000000008504544
9000000000008508096
9000000000008509824
9000000000008516900
9000000000008518751
9000000000008520436
9000000000008521059
9000000000008523595
9000000000008524198
9000000000008524953
9000000000008525457
9000000000008525674
9000000000008542993
9000000000008543960
9000000000008545513
9000000000008545516
9000000000008545850
9000000000008548010
9000000000008552826
9000000000008554746
9000000000008554761
9000000000008560867
9000000000008564706
9000000000008565446
9000000000008566353
9000000000008571022
9000000000008580178
9000000000008582680
9000000000008584756
9000000000008585472
9000000000008591404
9000000000008613270
9000000000008618239
9000000000008618278
9000000000008620050
9000000000008620684
9000000000008620833
9000000000008625170
9000000000008625357
9000000000008625580
9000000000008636179
9000000000008637715
9000000000008638223
9000000000008640132
9000000000008644116
9000000000008644174
9000000000008646235
9000000000008648251
9000000000008648866
9000000000008649814
9000000000008650819
9000000000008653563
9000000000008669185
9000000000008674586
9000000000008684359
9000000000008685372
9000000000008686373
9000000000008687224
9000000000008689518
9000000000008693708
9000000000008695145
9000000000008695172
9000000000008695379
9000000000008696266
9000000000008712155
9000000000008713594
9000000000008716028
9000000000008737403
9000000000008748745
9000000000008750803
9000000000008757321
9000000000008758366
9000000000008759016
9000000000008759645
9000000000008773445
9000000000008777609
9000000000008777843
9000000000008782821
9000000000008783270
9000000000008802970
9000000000008804158
9000000000008807688
9000000000008811377
9000000000008813472
9000000000008817579
9000000000008817926
9000000000008818220
9000000000008818649
9000000000008821973
9000000000008824841
9000000000008825813
9000000000008826102
9000000000008827572
9000000000008831684
9000000000008831975
9000000000008832131
9000000000008837530
9000000000008848916
9000000000008848942
9000000000008870343
9000000000008872687
9000000000008878363
9000000000008879349
9000000000008881751
9000000000008885069
9000000000008890175
9000000000008893539
9000000000008903643
9000000000008907618
9000000000008908544
9000000000008908767
9000000000008912730
9000000000008916266
9000000000008934520
9000000000008935686
9000000000008936034
9000000000008938174
9000000000008939379
9000000000008940030
9000000000008950675
9000000000008955871
9000000000008956522
9000000000008959395
9000000000008960514
9000000000008963002
9000000000008964073
9000000000008974140
9000000000008975644
9000000000008975965
9000000000008976589
9000000000008979487
9000000000008985278
9000000000009002496
9000000000009003618
9000000000009005210
9000000000009006372
9000000000009009036
9000000000009009421
9000000000009009624
9000000000009012615
9000000000009016688
9000000000009017303
9000000000009018675
9000000000009018707
9000000000009021200
9000000000009024721
9000000000009024810
9000000000009025600
9000000000009026752
9000000000009027888
9000000000009028104
9000000000009031731
9000000000009032703
9000000000009039885
9000000000009040202
9000000000009040422
9000000000009041740
9000000000009051487
9000000000009071682
9000000000009073315
9000000000009073445
9000000000009076051
9000000000009076726
9000000000009076741
9000000000009083686
9000000000009084512
9000000000009087074
9000000000009092247
9000000000009092559
9000000000009092631
9000000000009093170
9000000000009093179
9000000000009093300
9000000000009095019
9000000000009095152
9000000000009106961
9000000000009108715
9000000000009111488
9000000000009113086
9000000000009115188
9000000000009117390
9000000000009118716
9000000000009119402
9000000000009137447
9000000000009138695
9000000000009139731
9000000000009141552
9000000000009141684
9000000000009142121
9000000000009145390
9000000000009146888
9000000000009149716
9000000000009152634
9000000000009159978
9000000000009160564
9000000000009160739
9000000000009162248
9000000000009163135
9000000000009165409
9000000000009165446
9000000000009166386
9000000000009171954
9000000000009173055
9000000000009175104
9000000000009178501
9000000000009178548
9000000000009179771
9000000000009180906
9000000000009182854
9000000000009201343
9000000000009202452
9000000000009203594
9000000000009206046
9000000000009209433
9000000000009210037
9000000000009214444
9000000000009221245
9000000000009221966
9000000000009222516
9000000000009222588
9000000000009223109
9000000000009226540
9000000000009228115
9000000000009229193
9000000000009229804
9000000000009241195
9000000000009242059
9000000000009244172
9000000000009244177
9000000000009244992
9000000000009262663
9000000000009264629
9000000000009265050
9000000000009265085
9000000000009268345
9000000000009278792
9000000000009279865
9000000000009282564
9000000000009283315
9000000000009283963
9000000000009283977
9000000000009284059
9000000000009285133
9000000000009290326
9000000000009291275
9000000000009292201
9000000000009292302
9000000000009304367
9000000000009304409
9000000000009305656
9000000000009324334
9000000000009326409
9000000000009327997
9000000000009330879
9000000000009334072
9000000000009334630
9000000000009335635
9000000000009343888
9000000000009344189
9000000000009344984
9000000000009345042
9000000000009345696
9000000000009345734
9000000000009345873
9000000000009349512
9000000000009352097
9000000000009357103
9000000000009364179
9000000000009366994
9000000000009389973
9000000000009412827
9000000000009413755
9000000000009414982
9000000000009415300
9000000000009449234
9000000000009450590
9000000000009455075
9000000000009455242
9000000000009455322
9000000000009455356
9000000000009455924
9000000000009456009
9000000000009456389
9000000000009456595
9000000000009456985
9000000000009466030
9000000000009466331
9000000000009466429
9000000000009466498
9000000000009466660
9000000000009467357
9000000000009467485
9000000000009468800
9000000000009469599
9000000000009469775
9000000000009471399
9000000000009471846
9000000000009472553
9000000000009474675
9000000000009475286
9000000000009480445
9000000000009488445
9000000000009488454
9000000000009509020
9000000000009512022
9000000000009515035
9000000000009519262
9000000000009524829
9000000000009529425
9000000000009529640
9000000000009529777
9000000000009529932
9000000000009531205
9000000000009533215
9000000000009533319
9000000000009533357
9000000000009534206
9000000000009535729
9000000000009536121
9000000000009536335
9000000000009536515
9000000000009540796
9000000000009544105
9000000000009550833
9000000000009570769
9000000000009573474
9000000000009574825
9000000000009575208
9000000000009578617
9000000000009579084
9000000000009580130
9000000000009580881
9000000000009581072
9000000000009581773
9000000000009582263
9000000000009582288
9000000000009582437
9000000000009582619
9000000000009583685
9000000000009589703
9000000000009590050
9000000000009591745
9000000000009593788
9000000000009594048
9000000000009594553
9000000000009594695
9000000000009594915
9000000000009595230
9000000000009595565
9000000000009595792
9000000000009596355
9000000000009597218
9000000000009597676
9000000000009598298
9000000000009598334
9000000000009601302
9000000000009602210
9000000000009603091
9000000000009603948
9000000000009604148
9000000000009604262
9000000000009612697
9000000000009613175
9000000000009614124
9000000000009630640
9000000000009635815
9000000000009636432
9000000000009636620
9000000000009639403
9000000000009640891
9000000000009641367
9000000000009642041
9000000000009645184
9000000000009645405
9000000000009649801
9000000000009651625
9000000000009651699
9000000000009652436
9000000000009654199
9000000000009654789
9000000000009654924
9000000000009654967
9000000000009655399
9000000000009655716
9000000000009655730
9000000000009655815
9000000000009655978
9000000000009656139
9000000000009656741
9000000000009656811
9000000000009656934
9000000000009657804
9000000000009662168
9000000000009662612
9000000000009663377
9000000000009664968
9000000000009666465
9000000000009697513
9000000000009699950
9000000000009700162
9000000000009703584
9000000000009703897
9000000000009704596
9000000000009706609
9000000000009710659
9000000000009710770
9000000000009712093
9000000000009712478
9000000000009712634
9000000000009715437
9000000000009715734
9000000000009716076
9000000000009716253
9000000000009716358
9000000000009716528
9000000000009716563
9000000000009716609
9000000000009716843
9000000000009717031
9000000000009719270
9000000000009719420
9000000000009719699
9000000000009723890
9000000000009723900
9000000000009723932
9000000000009724292
9000000000009725543
9000000000009730397
9000000000009757451
9000000000009761579
9000000000009762390
9000000000009765477
9000000000009766408
9000000000009771350
9000000000009776796
9000000000009777482
9000000000009778485
9000000000009784103
9000000000009784357
9000000000009786617
9000000000009786780
9000000000009786859
9000000000009786866
9000000000009787265
9000000000009788612
9000000000009788706
9000000000009790903
9000000000009812146
9000000000009812716
9000000000009814138
9000000000009818160
9000000000009820713
9000000000009821013
9000000000009822703
9000000000009823527
9000000000009825135
9000000000009825778
9000000000009832817
9000000000009833354
9000000000009834190
9000000000009837573
9000000000009838007
9000000000009838479
9000000000009838821
9000000000009839139
9000000000009839184
9000000000009839485
9000000000009840129
9000000000009844904
9000000000009845531
9000000000009845898
9000000000009846224
9000000000009846419
9000000000009846850
9000000000009846969
9000000000009847134
9000000000009848841
9000000000009849107
9000000000009850957
9000000000009851484
9000000000009851822
9000000000009852050
9000000000009873555
9000000000009873626
9000000000009873847
9000000000009885669
9000000000009886727
9000000000009892827
9000000000009895266
9000000000009895857
9000000000009896277
9000000000009896743
9000000000009896939
9000000000009897031
9000000000009897322
9000000000009898317
9000000000009898322
9000000000009898645
9000000000009903360
9000000000009904212
9000000000009904965
9000000000009907474
9000000000009908621
9000000000009908825
9000000000009909436
9000000000009933080
9000000000009936518
9000000000009942268
9000000000009942562
9000000000009942567
9000000000009944208
9000000000009945390
9000000000009946534
9000000000009947122
9000000000009953617
9000000000009953736
9000000000009954447
9000000000009954637
9000000000009958307
9000000000009959422
9000000000009963198
9000000000009964125
9000000000009965642
9000000000009966976
9000000000009967129
9000000000009967666
9000000000009970841
9000000000009972437
9000000000009992811
9000000000009996313
9000000000009996690
9000000000010000823
9000000000010001045
9000000000010001270
9000000000010002494
9000000000010002780
9000000000010003211
9000000000010003810
9000000000010005961
9000000000010006929
9000000000010007763
9000000000010008002
9000000000010008097
9000000000010010814
9000000000010014604
9000000000010014693
9000000000010016103
9000000000010018286
9000000000010019347
9000000000010022839
9000000000010026297
9000000000010028433
9000000000010031634
9000000000010034489
9000000000010035150
9000000000010056297
9000000000010056931
9000000000010057233
9000000000010065165
9000000000010065516
9000000000010067056
9000000000010068055
9000000000010069131
9000000000010071056
9000000000010073875
9000000000010073980
9000000000010074673
9000000000010078823
9000000000010080372
9000000000010082443
9000000000010082941
9000000000010083739
9000000000010090485
9000000000010090947
9000000000010091111
9000000000010091792
9000000000010095496
9000000000010095685
9000000000010097149
9000000000010120971
9000000000010125300
9000000000010129408
9000000000010133536
9000000000010134076
9000000000010134571
9000000000010135958
9000000000010139533
9000000000010139993
9000000000010146718
9000000000010147217
9000000000010148156
9000000000010148200
9000000000010149598
9000000000010154581
9000000000010154951
9000000000010155026
9000000000010155321
9000000000010155816
9000000000010157547
9000000000010160115
9000000000010166360
9000000000010186250
9000000000010186387
9000000000010186803
9000000000010188170
9000000000010188425
9000000000010195628
9000000000010196774
9000000000010197232
9000000000010199055
9000000000010206907
9000000000010207788
9000000000010213217
9000000000010213452
9000000000010213483
9000000000010213964
9000000000010219475
9000000000010220950
9000000000010221760
9000000000010222653
9000000000010222660
9000000000010222919
9000000000010224920
9000000000010226597
9000000000010228618
9000000000010255710
9000000000010258550
9000000000010265145
9000000000010266860
9000000000010266884
9000000000010267214
9000000000010272529
9000000000010275312
9000000000010276126
9000000000010280950
9000000000010284901
9000000000010285371
9000000000010285487
9000000000010285770
9000000000010286543
9000000000010287874
9000000000010293818
9000000000010296406
9000000000010322290
9000000000010322797
9000000000010323657
9000000000010324000
9000000000010324064
9000000000010324066
9000000000010329351
9000000000010331485
9000000000010332181
9000000000010333126
9000000000010337258
9000000000010337726
9000000000010337804
9000000000010338887
9000000000010339297
9000000000010339526
9000000000010341878
9000000000010346527
9000000000010350659
9000000000010351524
9000000000010351535
9000000000010351536
9000000000010352496
9000000000010352621
9000000000010352954
9000000000010362804
9000000000010382922
9000000000010386842
9000000000010395107
9000000000010395938
9000000000010397405
9000000000010402799
9000000000010402879
9000000000010404067
9000000000010405671
9000000000010411568
9000000000010411647
9000000000010415502
9000000000010416552
9000000000010418285
9000000000010419230
9000000000010422103
9000000000010424632
9000000000010427093
9000000000010449441
9000000000010453635
9000000000010456585
9000000000010460317
9000000000010460668
9000000000010461045
9000000000010468120
9000000000010469688
9000000000010471601
9000000000010472035
9000000000010480763
9000000000010481462
9000000000010483888
9000000000010484892
9000000000010488449
9000000000010489265
9000000000010489783
9000000000010490234
9000000000010514349
9000000000010519694
9000000000010522423
9000000000010524913
9000000000010526991
9000000000010537236
9000000000010537943
9000000000010546682
9000000000010547837
9000000000010549023
9000000000010549174
9000000000010550397
9000000000010550405
9000000000010552388
9000000000010556414
9000000000010580626
9000000000010586045
9000000000010587320
9000000000010593239
9000000000010593438
9000000000010593549
9000000000010600354
9000000000010600403
9000000000010601538
9000000000010601574
9000000000010601817
9000000000010609963
9000000000010610534
9000000000010613182
9000000000010615160
9000000000010617142
9000000000010620386
9000000000010646023
9000000000010653300
9000000000010656771
9000000000010667343
9000000000010669126
9000000000010669264
9000000000010669944
9000000000010675342
9000000000010676036
9000000000010677190
9000000000010677281
9000000000010677419
9000000000010678849
9000000000010680385
9000000000010681055
9000000000010684769
9000000000010685404
9000000000010713072
9000000000010722729
9000000000010727074
9000000000010727392
9000000000010727527
9000000000010730102
9000000000010731346
9000000000010735054
9000000000010736124
9000000000010744090
9000000000010746361
9000000000010747093
9000000000010748054
9000000000010748664
9000000000010749474
9000000000010750903
9000000000010752318
9000000000010752703
9000000000010778640
9000000000010782847
9000000000010789864
9000000000010789916
9000000000010790706
9000000000010792747
9000000000010799676
9000000000010801154
9000000000010801991
9000000000010808350
9000000000010810676
9000000000010812191
9000000000010813562
9000000000010813652
9000000000010814900
9000000000010816332
9000000000010816401
9000000000010843404
9000000000010847180
9000000000010850911
9000000000010858737
9000000000010861754
9000000000010862354
9000000000010862759
9000000000010864126
9000000000010865347
9000000000010865801
9000000000010873947
9000000000010874182
9000000000010874493
9000000000010874586
9000000000010875016
9000000000010875239
9000000000010877746
9000000000010877999
9000000000010878882
9000000000010879559
9000000000010879703
9000000000010880209
9000000000010881047
9000000000010881208
9000000000010903065
9000000000010908054
9000000000010908135
9000000000010919650
9000000000010922494
9000000000010923648
9000000000010924454
9000000000010924562
9000000000010927600
9000000000010927680
9000000000010931507
9000000000010931512
9000000000010931800
9000000000010933222
9000000000010933414
9000000000010933939
9000000000010933943
9000000000010934661
9000000000010935908
9000000000010937057
9000000000010961178
9000000000010965063
9000000000010969688
9000000000010971642
9000000000010972937
9000000000010973312
9000000000010974902
9000000000010977395
9000000000010977398
9000000000010979359
9000000000010979484
9000000000010983198
9000000000010983245
9000000000010983613
9000000000010988508
9000000000010989811
9000000000010989859
9000000000010989905
9000000000010990083
9000000000010990463
9000000000010990772
9000000000010991544
9000000000010992340
9000000000011017115
9000000000011018071
9000000000011020400
9000000000011027644
9000000000011027729
9000000000011029588
9000000000011031719
9000000000011031824
9000000000011033395
9000000000011033663
9000000000011036565
9000000000011037223
9000000000011038071
9000000000011043116
9000000000011043237
9000000000011043583
9000000000011045341
9000000000011046541
9000000000011068584
9000000000011072635
9000000000011073754
9000000000011074630
9000000000011075124
9000000000011075446
9000000000011079970
9000000000011081053
9000000000011085540
9000000000011086022
9000000000011086240
9000000000011087017
9000000000011087179
9000000000011087311
9000000000011087693
9000000000011090628
9000000000011092004
9000000000011097448
9000000000011099489
9000000000011122397
9000000000011122679
9000000000011122763
9000000000011125666
9000000000011126716
9000000000011128745
9000000000011133541
9000000000011134101
9000000000011135445
9000000000011135893
9000000000011138736
9000000000011139816
9000000000011140381
9000000000011141134
9000000000011143573
9000000000011143576
9000000000011144713
9000000000011145255
9000000000011146648
9000000000011147169
9000000000011147994
9000000000011153006
9000000000011176201
9000000000011179734
9000000000011181037
9000000000011182630
9000000000011186603
9000000000011187754
9000000000011189642
9000000000011191644
9000000000011197687
9000000000011198836
9000000000011199166
9000000000011199467
9000000000011200509
9000000000011206038
9000000000011233133
9000000000011241236
9000000000011241985
9000000000011242284
9000000000011243691
9000000000011245422
9000000000011249955
9000000000011250726
9000000000011251058
9000000000011253031
9000000000011253316
9000000000011259889
9000000000011287360
9000000000011288249
9000000000011289252
9000000000011299145
9000000000011300012
9000000000011303591
9000000000011304269
9000000000011304344
9000000000011305793
9000000000011305939
9000000000011306075
9000000000011306611
9000000000011307602
9000000000011347735
9000000000011350238
9000000000011355938
9000000000011358305
9000000000011359606
9000000000011360622
9000000000011361146
9000000000011390853
9000000000011390888
9000000000011393668
9000000000011394067
9000000000011395887
9000000000011397593
9000000000011400645
9000000000011401700
9000000000011402528
9000000000011402910
9000000000011403775
9000000000011404125
9000000000011407833
9000000000011409798
9000000000011411442
9000000000011415453
9000000000011415997
9000000000011416536
9000000000011441652
9000000000011443084
9000000000011446171
9000000000011447443
9000000000011453863
9000000000011454265
9000000000011455347
9000000000011456064
9000000000011456993
9000000000011457608
9000000000011461139
9000000000011463497
9000000000011463609
9000000000011463950
9000000000011464245
9000000000011465121
9000000000011465386
9000000000011466960
9000000000011467819
9000000000011468301
9000000000011495305
9000000000011498051
9000000000011498946
9000000000011501520
9000000000011506287
9000000000011506433
9000000000011508373
9000000000011515585
9000000000011517279
9000000000011520150
9000000000011548888
9000000000011549175
9000000000011558455
9000000000011559115
9000000000011563280
9000000000011563895
9000000000011564882
9000000000011565950
9000000000011566601
9000000000011566822
9000000000011569628
9000000000011570460
9000000000011603102
9000000000011603167
9000000000011607097
9000000000011611751
9000000000011612236
9000000000011617030
9000000000011617286
9000000000011618096
9000000000011624521
9000000000011649497
9000000000011657064
9000000000011657679
9000000000011657698
9000000000011662543
9000000000011663266
9000000000011667767
9000000000011668043
9000000000011669589
9000000000011670318
9000000000011671692
9000000000011672504
9000000000011706296
9000000000011718053
9000000000011718578
9000000000011719651
9000000000011721968
9000000000011722596
9000000000011722841
9000000000011722999
9000000000011723998
9000000000011751814
9000000000011753169
9000000000011754705
9000000000011761033
9000000000011761070
9000000000011763807
9000000000011763910
9000000000011767325
9000000000011769205
9000000000011769291
9000000000011770258
9000000000011770299
9000000000011770482
9000000000011771375
9000000000011774303
9000000000011802766
9000000000011804039
9000000000011807411
9000000000011808254
9000000000011809378
9000000000011809973
9000000000011811178
9000000000011818787
9000000000011819079
9000000000011820766
9000000000011820820
9000000000011822644
9000000000011823683
9000000000011824150
9000000000011824578
9000000000011852985
9000000000011858293
9000000000011861420
9000000000011867144
9000000000011868778
9000000000011869244
9000000000011871236
9000000000011874251
9000000000011905866
9000000000011905998
9000000000011908476
9000000000011909877
9000000000011911214
9000000000011911942
9000000000011913365
9000000000011919126
9000000000011919714
9000000000011919968
9000000000011920842
9000000000011922480
9000000000011922547
9000000000011923396
9000000000011923457
9000000000011923562
9000000000011923961
9000000000011924100
9000000000011924366
9000000000011955601
9000000000011958305
9000000000011960626
9000000000011966526
9000000000011969587
9000000000011971449
9000000000011972526
9000000000011973794
9000000000011973805
9000000000011974247
9000000000011975271
9000000000012009044
9000000000012012007
9000000000012013034
9000000000012016662
9000000000012016664
9000000000012016717
9000000000012017279
9000000000012018482
9000000000012019563
9000000000012023556
9000000000012023938
9000000000012052557
9000000000012055158
9000000000012055866
9000000000012056512
9000000000012060326
9000000000012062381
9000000000012066210
9000000000012066844
9000000000012067876
9000000000012068538
9000000000012071083
9000000000012072048
9000000000012104253
9000000000012107195
9000000000012109402
9000000000012110842
9000000000012110979
9000000000012111004
9000000000012115507
9000000000012116239
9000000000012116251
9000000000012116955
9000000000012119315
9000000000012121031
9000000000012121514
9000000000012152713
9000000000012153000
9000000000012154192
9000000000012154361
9000000000012158992
9000000000012164713
9000000000012165037
9000000000012165609
9000000000012169210
9000000000012169504
9000000000012202245
9000000000012217184
9000000000012217615
9000000000012251984
9000000000012252251
9000000000012254814
9000000000012257255
9000000000012258298
9000000000012266450
9000000000012268579
9000000000012300949
9000000000012301086
9000000000012301502
9000000000012303348
9000000000012305660
9000000000012314254
9000000000012350399
9000000000012353867
9000000000012354413
9000000000012357103
9000000000012367754
9000000000012367993
9000000000012404771
9000000000012417572
9000000000012453980
9000000000012457741
9000000000012470350
9000000000012470709
9000000000012505621
9000000000012505658
9000000000012507003
9000000000012554510
9000000000012601798
9000000000012602250
9000000000012646712
9000000000012647397
9000000000012688779
9000000000012688835
9000000000012691831
9000000000012692087
9000000000012736952
9000000000012783511
9000000000012885346
9000000000012934846
